[gd_scene load_steps=13 format=3 uid="uid://dxvvlck8lej3f"]

[ext_resource type="Environment" uid="uid://jvmpkdwaeaq" path="res://scenes/main-environment.tres" id="1_q8fpv"]
[ext_resource type="PackedScene" uid="uid://dl2ed4gkybggf" path="res://objects/player.tscn" id="2_elriq"]
[ext_resource type="Resource" uid="uid://c56y8pqoyk15f" path="res://weapons/blaster.tres" id="3_s3fgq"]
[ext_resource type="Script" path="res://scripts/hud.gd" id="3_s8mkj"]
[ext_resource type="LabelSettings" uid="uid://ddat6ekdl7yh1" path="res://scenes/label_style.tres" id="4_51bwc"]
[ext_resource type="Resource" uid="uid://cu2gtxlcmbb34" path="res://weapons/blaster-repeater.tres" id="4_lpdku"]
[ext_resource type="PackedScene" uid="uid://dpm3l05d7fu35" path="res://objects/platform.tscn" id="5_3s40e"]
[ext_resource type="PackedScene" uid="uid://r7rt7pth4u7o" path="res://objects/wall_low.tscn" id="5_6vel1"]
[ext_resource type="Resource" path="res://weapons/grapple.tres" id="5_kt0sq"]
[ext_resource type="PackedScene" uid="uid://c71evdjblk5wp" path="res://objects/wall_high.tscn" id="7_cabne"]
[ext_resource type="PackedScene" uid="uid://bvx5cvigosg0s" path="res://objects/platform_large_grass.tscn" id="7_wggef"]
[ext_resource type="PackedScene" uid="uid://d2g78tpqbyf5g" path="res://objects/enemy.tscn" id="8_7ty2f"]

[node name="Main" type="Node3D"]

[node name="WorldEnvironment" type="WorldEnvironment" parent="."]
environment = ExtResource("1_q8fpv")

[node name="Player" parent="." node_paths=PackedStringArray("crosshair", "grapple_target") instance=ExtResource("2_elriq")]
weapons = Array[Resource("res://scripts/weapon.gd")]([ExtResource("3_s3fgq"), ExtResource("4_lpdku"), ExtResource("5_kt0sq")])
crosshair = NodePath("../HUD/Crosshair")
grapple_target = NodePath("GrapplePoint")

[node name="GrapplePoint" type="Node3D" parent="Player"]

[node name="Sun" type="DirectionalLight3D" parent="."]
transform = Transform3D(-0.422618, -0.694272, 0.582563, 0, 0.642788, 0.766044, -0.906308, 0.323744, -0.271654, 0, 0, 0)
shadow_enabled = true
shadow_opacity = 0.75

[node name="HUD" type="CanvasLayer" parent="."]
script = ExtResource("3_s8mkj")

[node name="Crosshair" type="TextureRect" parent="HUD"]
anchors_preset = 8
anchor_left = 0.5
anchor_top = 0.5
anchor_right = 0.5
anchor_bottom = 0.5
offset_left = -20.0
offset_top = -20.0
offset_right = 20.0
offset_bottom = 20.0
grow_horizontal = 2
grow_vertical = 2
scale = Vector2(0.35, 0.35)
pivot_offset = Vector2(64, 64)

[node name="TimerLabel" type="Label" parent="HUD"]
offset_left = 48.0
offset_top = 627.0
offset_right = 138.0
offset_bottom = 672.0
size_flags_horizontal = 0
size_flags_vertical = 8
text = "0:00"
label_settings = ExtResource("4_51bwc")
vertical_alignment = 2

[node name="SpeedLabel" type="Label" parent="HUD"]
anchors_preset = -1
anchor_right = 0.031
anchor_bottom = 0.032
offset_left = 616.0
offset_top = 643.0
offset_right = 616.32
offset_bottom = 642.96
text = "100"
label_settings = ExtResource("4_51bwc")

[node name="Enemies" type="Node" parent="."]

[node name="enemy-flying" parent="Enemies" node_paths=PackedStringArray("player") instance=ExtResource("8_7ty2f")]
transform = Transform3D(6, 0, 0, 0, 6, 0, 0, 0, 6, 75.0426, 16.8659, 5.82425)
player = NodePath("../../Player")

[node name="enemy-flying2" parent="Enemies" node_paths=PackedStringArray("player") instance=ExtResource("8_7ty2f")]
transform = Transform3D(-1.40467e-07, -3.89419e-09, 3, -1.15525, 2.76864, -5.04978e-08, -2.76864, -1.15525, -1.31134e-07, 41.7967, 3.15391, 4.47126)
player = NodePath("../../Player")

[node name="enemy-flying7" parent="Enemies" node_paths=PackedStringArray("player") instance=ExtResource("8_7ty2f")]
transform = Transform3D(-1.40467e-07, -3.89419e-09, 3, -1.15525, 2.76864, -5.04978e-08, -2.76864, -1.15525, -1.31134e-07, 46.9268, -8.56606, 14.9299)
player = NodePath("../../Player")

[node name="enemy-flying3" parent="Enemies" node_paths=PackedStringArray("player") instance=ExtResource("8_7ty2f")]
transform = Transform3D(-1.39564, 0, -1.39564, 0, 1.97373, 0, 1.39564, 0, -1.39564, 23.248, -0.369122, -0.0896416)
player = NodePath("../../Player")

[node name="enemy-flying8" parent="Enemies" node_paths=PackedStringArray("player") instance=ExtResource("8_7ty2f")]
transform = Transform3D(-1.39564, 0, -1.39564, 0, 1.97373, 0, 1.39564, 0, -1.39564, 12.0299, 16.8207, 15.9165)
player = NodePath("../../Player")

[node name="enemy-flying9" parent="Enemies" node_paths=PackedStringArray("player") instance=ExtResource("8_7ty2f")]
transform = Transform3D(-1.39564, 0, -1.39564, 0, 1.97373, 0, 1.39564, 0, -1.39564, 47.7075, 21.7351, 44.9821)
player = NodePath("../../Player")

[node name="enemy-flying10" parent="Enemies" node_paths=PackedStringArray("player") instance=ExtResource("8_7ty2f")]
transform = Transform3D(-1.39564, 0, -1.39564, 0, 1.97373, 0, 1.39564, 0, -1.39564, 3.87619, 15.8322, -36.9086)
player = NodePath("../../Player")

[node name="enemy-flying11" parent="Enemies" node_paths=PackedStringArray("player") instance=ExtResource("8_7ty2f")]
transform = Transform3D(-1.39564, 0, -1.39564, 0, 1.97373, 0, 1.39564, 0, -1.39564, 3.87619, 15.8322, -62.6427)
player = NodePath("../../Player")

[node name="enemy-flying12" parent="Enemies" node_paths=PackedStringArray("player") instance=ExtResource("8_7ty2f")]
transform = Transform3D(-1.39564, 0, -1.39564, 0, 1.97373, 0, 1.39564, 0, -1.39564, 3.87619, 15.8322, -126.427)
player = NodePath("../../Player")

[node name="enemy-flying13" parent="Enemies" node_paths=PackedStringArray("player") instance=ExtResource("8_7ty2f")]
transform = Transform3D(-1.39564, 0, -1.39564, 0, 1.97373, 0, 1.39564, 0, -1.39564, 3.87619, 15.8322, -199.424)
player = NodePath("../../Player")

[node name="enemy-flying14" parent="Enemies" node_paths=PackedStringArray("player") instance=ExtResource("8_7ty2f")]
transform = Transform3D(-1.39564, 0, -1.39564, 0, 1.97373, 0, 1.39564, 0, -1.39564, 3.87619, 19.6481, -254.531)
player = NodePath("../../Player")

[node name="enemy-flying15" parent="Enemies" node_paths=PackedStringArray("player") instance=ExtResource("8_7ty2f")]
transform = Transform3D(-1.39564, 0, -1.39564, 0, 1.97373, 0, 1.39564, 0, -1.39564, 3.87619, 21.4167, -326.01)
player = NodePath("../../Player")

[node name="enemy-flying16" parent="Enemies" node_paths=PackedStringArray("player") instance=ExtResource("8_7ty2f")]
transform = Transform3D(-1.39564, 0, -1.39564, 0, 1.97373, 0, 1.39564, 0, -1.39564, 3.87619, 36.3622, -360.131)
player = NodePath("../../Player")

[node name="enemy-flying17" parent="Enemies" node_paths=PackedStringArray("player") instance=ExtResource("8_7ty2f")]
transform = Transform3D(-1.39564, 0, -1.39564, 0, 1.97373, 0, 1.39564, 0, -1.39564, 3.87619, 9.02781, -344.792)
player = NodePath("../../Player")

[node name="enemy-flying18" parent="Enemies" node_paths=PackedStringArray("player") instance=ExtResource("8_7ty2f")]
transform = Transform3D(-1.39564, 0, -1.39564, 0, 1.97373, 0, 1.39564, 0, -1.39564, 3.87619, 9.02781, -290.661)
player = NodePath("../../Player")

[node name="enemy-flying19" parent="Enemies" node_paths=PackedStringArray("player") instance=ExtResource("8_7ty2f")]
transform = Transform3D(-14.2022, 0, -14.2022, 0, 20.085, 0, 14.2022, 0, -14.2022, -653.04, 7.46454, 11.0713)
player = NodePath("../../Player")

[node name="enemy-flying20" parent="Enemies" node_paths=PackedStringArray("player") instance=ExtResource("8_7ty2f")]
transform = Transform3D(-14.1421, 0, -14.1421, 0, 20, 0, 14.1421, 0, -14.1421, -20.8412, 7.46454, 385.859)
player = NodePath("../../Player")

[node name="enemy-flying4" parent="Enemies" node_paths=PackedStringArray("player") instance=ExtResource("8_7ty2f")]
transform = Transform3D(1.83113, 0, -1.83113, 0, 2.58961, 0, 1.83113, 0, 1.83113, 39.8255, 4, -9.16351)
player = NodePath("../../Player")

[node name="enemy-flying6" parent="Enemies" node_paths=PackedStringArray("player") instance=ExtResource("8_7ty2f")]
transform = Transform3D(9.82978, 0, -9.82978, 0, 13.9014, 0, 9.82978, 0, 9.82978, 13.9498, -15.5247, -1.55004)
player = NodePath("../../Player")

[node name="enemy-flying5" parent="Enemies" node_paths=PackedStringArray("player") instance=ExtResource("8_7ty2f")]
transform = Transform3D(1.40405, 0, -1.40405, 0, 1.98563, 0, 1.40405, 0, 1.40405, 0.0670271, 0.637578, -12.0885)
player = NodePath("../../Player")

[node name="Level" type="Node" parent="."]

[node name="wall-low" parent="Level" instance=ExtResource("5_6vel1")]
transform = Transform3D(0.965926, 0, 0.258819, 0, 1, 0, -0.258819, 0, 0.965926, -1.92088, 1.05, -6.90166)

[node name="wall-low2" parent="Level" instance=ExtResource("5_6vel1")]
transform = Transform3D(4.21081, 0, 0.047379, 0, 32.2151, 0, -0.249357, 0, 0.800074, 4.04766, -2.52565, -22.803)

[node name="wall-low10" parent="Level" instance=ExtResource("5_6vel1")]
transform = Transform3D(4.21081, 0, 0.047379, 0, 32.2151, 0, -0.249357, 0, 0.800074, -5.14052, -2.52565, -34.8661)

[node name="wall-low13" parent="Level" instance=ExtResource("5_6vel1")]
transform = Transform3D(4.21081, 0, 0.047379, 0, 32.2151, 0, -0.249357, 0, 0.800074, -5.14052, -2.52565, -86.9605)

[node name="wall-low9" parent="Level" instance=ExtResource("5_6vel1")]
transform = Transform3D(4.21081, 0, 0.047379, 0, 32.2151, 0, -0.249357, 0, 0.800074, 4.04766, -2.52565, -104.022)

[node name="wall-low14" parent="Level" instance=ExtResource("5_6vel1")]
transform = Transform3D(4.16674, 4.64878, 0.0468831, -0.607638, 31.8779, -0.006837, -0.249357, 0, 0.800074, 6.01525, -2.52565, -141.678)

[node name="wall-low11" parent="Level" instance=ExtResource("5_6vel1")]
transform = Transform3D(4.21081, 0, 0.047379, 0, 32.2151, 0, -0.249357, 0, 0.800074, 5.05677, -2.52565, -50.941)

[node name="wall-low12" parent="Level" instance=ExtResource("5_6vel1")]
transform = Transform3D(4.21081, 0, 0.047379, 0, 32.2151, 0, -0.249357, 0, 0.800074, 5.05677, -2.52565, -71.5248)

[node name="wall-low15" parent="Level" instance=ExtResource("5_6vel1")]
transform = Transform3D(4.21777, 0, -0.0112463, 0, 32.2151, 0, 0.0591897, 0, 0.801397, -5.14052, -2.52565, -122.794)

[node name="wall-low16" parent="Level" instance=ExtResource("5_6vel1")]
transform = Transform3D(4.21081, 0, 0.047379, 0, 32.2151, 0, -0.249357, 0, 0.800074, 9.52608, -2.52565, -174.889)

[node name="wall-low17" parent="Level" instance=ExtResource("5_6vel1")]
transform = Transform3D(4.095, 0, -0.192279, 0, 32.2151, 0, 1.01197, 0, 0.77807, -5.15251, -2.52565, -159.453)

[node name="wall-low18" parent="Level" instance=ExtResource("5_6vel1")]
transform = Transform3D(4.21081, 0, 0.047379, 0, 32.2151, 0, -0.249357, 0, 0.800074, 9.52608, -2.52565, -209.865)

[node name="wall-low27" parent="Level" instance=ExtResource("5_6vel1")]
transform = Transform3D(-0.00492399, -32.2151, -5.53945e-05, 4.21081, -0.0376713, 0.047379, -0.249357, 0, 0.800074, 13.209, 3.97735, -151.564)

[node name="wall-low28" parent="Level" instance=ExtResource("5_6vel1")]
transform = Transform3D(-0.00492399, -32.2151, -5.53945e-05, 4.21081, -0.0376713, 0.047379, -0.249357, 0, 0.800074, 13.209, 3.97735, -228.295)

[node name="wall-low29" parent="Level" instance=ExtResource("5_6vel1")]
transform = Transform3D(-0.00492399, -32.2151, -5.53945e-05, 4.21081, -0.0376713, 0.047379, -0.249357, 0, 0.800074, 13.209, 3.97735, -284.232)

[node name="wall-low30" parent="Level" instance=ExtResource("5_6vel1")]
transform = Transform3D(-0.00492399, -32.2151, -5.53945e-05, 4.21081, -0.0376713, 0.047379, -0.249357, 0, 0.800074, 13.209, 13.6762, -254.899)

[node name="wall-low31" parent="Level" instance=ExtResource("5_6vel1")]
transform = Transform3D(-0.00492399, -32.2151, -5.53945e-05, 4.21081, -0.0376713, 0.047379, -0.249357, 0, 0.800074, 13.209, 13.6762, -217.942)

[node name="wall-low19" parent="Level" instance=ExtResource("5_6vel1")]
transform = Transform3D(4.095, 0, -0.192279, 0, 32.2151, 0, 1.01197, 0, 0.77807, -5.15251, -2.52565, -194.429)

[node name="wall-low20" parent="Level" instance=ExtResource("5_6vel1")]
transform = Transform3D(4.21081, 0, 0.047379, 0, 32.2151, 0, -0.249357, 0, 0.800074, 9.52608, -2.52565, -248.837)

[node name="wall-low21" parent="Level" instance=ExtResource("5_6vel1")]
transform = Transform3D(4.095, 0, -0.192279, 0, 32.2151, 0, 1.01197, 0, 0.77807, -5.15251, -2.52565, -233.401)

[node name="wall-low22" parent="Level" instance=ExtResource("5_6vel1")]
transform = Transform3D(4.21081, 0, 0.047379, 0, 32.2151, 0, -0.249357, 0, 0.800074, 12.2629, -2.52565, -279.923)

[node name="wall-low23" parent="Level" instance=ExtResource("5_6vel1")]
transform = Transform3D(4.095, 0, -0.192279, 0, 32.2151, 0, 1.01197, 0, 0.77807, -2.41566, -2.52565, -264.488)

[node name="wall-low24" parent="Level" instance=ExtResource("5_6vel1")]
transform = Transform3D(4.21081, 0, 0.047379, 0, 32.2151, 0, -0.249357, 0, 0.800074, 12.2629, -2.52565, -323.018)

[node name="wall-low26" parent="Level" instance=ExtResource("5_6vel1")]
transform = Transform3D(36.8139, 0, 0.0592976, 0, 54.234, 0, -2.18005, 0, 1.00134, 4.69339, -2.52565, -360.634)

[node name="wall-low25" parent="Level" instance=ExtResource("5_6vel1")]
transform = Transform3D(4.095, 0, -0.192279, 0, 32.2151, 0, 1.01197, 0, 0.77807, -2.41566, -2.52565, -307.582)

[node name="wall-low3" parent="Level" instance=ExtResource("5_6vel1")]
transform = Transform3D(-1, 0, -1.19209e-07, 0, 1, 0, 1.19209e-07, 0, -1, 6.07912, 1.05, 6.59834)

[node name="wall-low4" parent="Level" instance=ExtResource("5_6vel1")]
transform = Transform3D(-0.289896, 0, -1.01169, 0, 2.19258, 0, 4.16557, 0, -0.070407, 31.4313, 2.0342, 5.14357)

[node name="wall-low5" parent="Level" instance=ExtResource("5_6vel1")]
transform = Transform3D(0.700392, 0, -0.999769, 0, 2.19258, 0, 4.11649, 0, 0.170104, 47.2924, 5.08671, 5.14357)

[node name="wall-low6" parent="Level" instance=ExtResource("5_6vel1")]
transform = Transform3D(-0.289896, 0, -1.01169, -1.47827, 2.04987, 0.0249859, 3.89444, 0.778101, -0.0658244, 59.4407, 7.99193, 5.14357)

[node name="wall-low7" parent="Level" instance=ExtResource("5_6vel1")]
transform = Transform3D(31.3443, -0.164279, 0.415215, 4.74688, -0.32184, -1.79566, 7.66996, 0.870532, -0.585509, 45.0011, 4.91223, 13.9125)

[node name="wall-low8" parent="Level" instance=ExtResource("5_6vel1")]
transform = Transform3D(18.9762, 0.34964, 0.188347, 4.18686, -0.47217, -1.15752, -3.11077, 1.49735, -0.408987, 41.2536, 6.05958, -12.2472)

[node name="platform" parent="Level" instance=ExtResource("5_3s40e")]
transform = Transform3D(1, 0, 0, 0, 1, 0, 0, 0, 1, -2.5, 0, 6.5)

[node name="platform" parent="Level/platform" instance=ExtResource("5_3s40e")]
transform = Transform3D(0.927869, 0.372907, 0, -0.372907, 0.927869, 0, 0, 0, 1, -2.5, 0, 6.5)

[node name="platform2" parent="Level/platform" instance=ExtResource("5_3s40e")]
transform = Transform3D(-0.145427, 0, 0.989369, 0, 1, 0, -0.989369, 0, -0.145427, 3.70397, 2.04128, 6.5)

[node name="platform2" parent="Level" instance=ExtResource("5_3s40e")]
transform = Transform3D(1, 0, 0, 0, 1, 0, 0, 0, 1, -6.5, 2.5, -2.5)

[node name="platform6" parent="Level" instance=ExtResource("5_3s40e")]
transform = Transform3D(-0.0276862, 0.0553143, -36.2919, -5.69343, 1.76942, 0.887525, 9.66056, 1.04296, 0.419053, -51.0378, 2.80324, -1.85953)

[node name="platform39" parent="Level" instance=ExtResource("5_3s40e")]
transform = Transform3D(-1.44355, 0.0155931, -716.412, -0.779142, 0.354619, 32.9902, 23.8921, 0.0125062, -42.2096, -763.897, -21.4699, 96.5088)

[node name="platform18" parent="Level" instance=ExtResource("5_3s40e")]
transform = Transform3D(-0.0648368, 0.0579504, -73.8163, -1.5244, 2.14818, 1.99519, 26.2159, 0.125054, -0.0665438, -640.043, 2.80324, 12.0679)

[node name="platform14" parent="Level" instance=ExtResource("5_3s40e")]
transform = Transform3D(-0.0276862, 0.0553143, -36.2919, -7.90789, 1.45613, 0.756149, 7.95027, 1.44856, 0.625736, -122.227, 5.00342, -1.59583)

[node name="platform16" parent="Level" instance=ExtResource("5_3s40e")]
transform = Transform3D(-0.0277654, 0.0535881, -78.3473, -9.32659, 1.11164, 1.33931, 6.28308, 1.65036, 1.64186, -234.606, 6.78081, -1.59583)

[node name="platform17" parent="Level" instance=ExtResource("5_3s40e")]
transform = Transform3D(-0.0277788, 0.0532974, -85.4275, -10.297, 0.797378, 1.12014, 4.53382, 1.81129, 2.0206, -397.02, 9.77752, -0.621629)

[node name="platform8" parent="Level" instance=ExtResource("5_3s40e")]
transform = Transform3D(0.536172, 3.08849, -4.98801, -10.0832, 0.164357, 7.08271e-08, 0.0148736, 0.0856762, 179.81, -7.03023, 3.6667, -196.987)

[node name="platform19" parent="Level" instance=ExtResource("5_3s40e")]
transform = Transform3D(0.261185, -3.09269, -2.61212, 10.094, 0.0801199, -0.321825, 0.0218545, -0.0447718, 179.86, 13.4569, 3.6667, -196.857)

[node name="platform20" parent="Level" instance=ExtResource("5_3s40e")]
transform = Transform3D(10.0801, 0.162855, -4.65052, -0.537396, 3.08888, -4.05167, 0.248647, 0.0738291, 179.773, 3.28067, 0.491006, -190.261)

[node name="platform21" parent="Level" instance=ExtResource("5_3s40e")]
transform = Transform3D(10.0801, 0.162855, -4.65052, -0.532076, 3.08974, -0.289032, 0.259838, 0.00917828, 179.819, 3.28067, 14.0718, -190.261)

[node name="platform9" parent="Level" instance=ExtResource("5_3s40e")]
transform = Transform3D(0.530881, 2.60974, 0.686687, -9.98588, 0.13891, 1.33693e-09, -0.018446, -0.0906778, 19.7631, -12.329, 3.94446, 33.5155)

[node name="platform10" parent="Level" instance=ExtResource("5_3s40e")]
transform = Transform3D(0.530881, 2.60974, 0.686687, -9.98588, 0.13891, 1.33693e-09, -0.018446, -0.0906778, 19.7631, -10.9926, 3.94446, 71.4652)

[node name="platform11" parent="Level" instance=ExtResource("5_3s40e")]
transform = Transform3D(-0.531157, -2.6111, -0.255049, -9.98588, 0.13891, -2.18497e-09, 0.00685129, 0.0336796, -19.7734, 8.85653, 6.54773, 71.4652)

[node name="platform12" parent="Level" instance=ExtResource("5_3s40e")]
transform = Transform3D(-0.531157, -2.6111, -0.255049, -9.98588, 0.13891, -2.18497e-09, 0.00685129, 0.0336796, -19.7734, 9.33228, 6.54773, 110.198)

[node name="platform13" parent="Level" instance=ExtResource("5_3s40e")]
transform = Transform3D(0.531186, 2.61124, -0.152208, -9.98588, 0.13891, -9.17046e-10, 0.00408857, 0.0200992, 19.7744, -27.8686, 6.5129, 165.554)

[node name="platform15" parent="Level" instance=ExtResource("5_3s40e")]
transform = Transform3D(-20.0974, -0.142828, 0.00195374, -0.914375, 3.13929, -0.0197483, -0.000298502, -0.00087701, -71.005, -22.6357, 3.94446, 362.973)

[node name="platform3" parent="Level" instance=ExtResource("5_3s40e")]
transform = Transform3D(1, 0, 0, 0, 1, 0, 0, 0, 1, 2.5, 3, -3.5)

[node name="platform4" parent="Level" instance=ExtResource("5_3s40e")]
transform = Transform3D(0.707107, 0, -0.707107, 0, 1, 0, 0.707107, 0, 0.707107, 6.22426, 1.28468, -2.45832)

[node name="platform7" parent="Level" instance=ExtResource("5_3s40e")]
transform = Transform3D(0.707107, 0, -0.707107, 0.0413446, 0.998289, 0.0413446, 0.705897, -0.0584701, 0.705897, 6.94125, 4.50055, -8.65674)

[node name="wall-high" parent="Level" instance=ExtResource("7_cabne")]
transform = Transform3D(1, 0, 0, 0, 1, 0, 0, 0, 1, -5.5, 1.5, 4)

[node name="wall-high2" parent="Level" instance=ExtResource("7_cabne")]
transform = Transform3D(0.707107, 0, -0.707107, 0, 1, 0, 0.707107, 0, 0.707107, 11.5, 3, -5.5)

[node name="platform-large-grass" parent="Level" instance=ExtResource("7_wggef")]
transform = Transform3D(5.24, 0, 0, 0, 1.33, 0, 0, 0, 7.64, -0.510802, -0.651976, 0.380054)

[node name="platform-large-grass2" parent="Level" instance=ExtResource("7_wggef")]
transform = Transform3D(0.965926, 0, 0.258819, 0, 1, 0, -0.258819, 0, 0.965926, -2, 0.5, -6)

[node name="platform-large-grass3" parent="Level" instance=ExtResource("7_wggef")]
transform = Transform3D(0.965926, 0, -0.258819, 0, 1, 0, 0.258819, 0, 0.965926, -6, 1, 2.5)

[node name="platform-large-grass5" parent="Level" instance=ExtResource("7_wggef")]
transform = Transform3D(0.866026, 0, -0.5, 0, 1, 0, 0.5, 0, 0.866026, 12, 2.5, -5)

[node name="platform-large-grass8" parent="Level" instance=ExtResource("7_wggef")]
transform = Transform3D(0.999311, 0, 0.0371324, 0, 1, 0, -0.0371324, 0, 0.999311, 40.6859, 3.76173, 3.9108)

[node name="platform-large-grass9" parent="Level" instance=ExtResource("7_wggef")]
transform = Transform3D(0.89512, -0.402814, 0.191052, 0.427478, 0.897152, -0.111268, -0.126583, 0.181269, 0.975254, 52.625, 5.79426, 3.9108)

[node name="platform-large-grass11" parent="Level" instance=ExtResource("7_wggef")]
transform = Transform3D(1.28375, -0.313634, 0.988, 0.163622, 4.04497, -3.18683, -0.121107, 2.14039, 6.16734, 46.907, -8.20719, 3.9108)

[node name="platform-large-grass10" parent="Level" instance=ExtResource("7_wggef")]
transform = Transform3D(0.863056, -0.504091, 0.0320694, 0.503743, 0.863651, 0.0187181, -0.0371324, 0, 0.999311, 66.8899, 13.0864, 3.9108)

[node name="platform-large-grass6" parent="Level" instance=ExtResource("7_wggef")]
transform = Transform3D(1.89488, 0, -0.032201, 0, 1, 0, 0.0259625, 0, 2.3502, 20.4251, -0.837851, -2.79898)

[node name="platform-large-grass7" parent="Level" instance=ExtResource("7_wggef")]
transform = Transform3D(1.01879, 0, -0.0325849, 0, 1, 0, 0.0139588, 0, 2.37822, 29.3451, 1.28212, 4.53167)

[node name="platform-large-grass4" parent="Level" instance=ExtResource("7_wggef")]
transform = Transform3D(0.965926, 0, 0.258819, 0, 1, 0, -0.258819, 0, 0.965926, 5, 0.5, 5.5)

[node name="platform5" parent="Level" instance=ExtResource("5_3s40e")]
transform = Transform3D(-0.134937, -0.0542307, 0.989369, -0.195946, 0.980243, 0.0270059, -0.971287, -0.190219, -0.142897, 7.99844, 2.04128, 14.5281)

[node name="platform22" parent="Level" instance=ExtResource("5_3s40e")]
transform = Transform3D(-0.134937, -0.0542307, 0.989369, 0.0490644, 0.996911, 0.0613359, -0.989639, 0.0568199, -0.131859, 10.171, 3.80502, 10.7907)

[node name="platform23" parent="Level" instance=ExtResource("5_3s40e")]
transform = Transform3D(-0.134937, -0.0542307, 0.989369, 0.0490644, 0.996911, 0.0613359, -0.989639, 0.0568199, -0.131859, 6.99323, 5.62784, 10.7907)

[node name="platform24" parent="Level" instance=ExtResource("5_3s40e")]
transform = Transform3D(-0.134937, -0.0542307, 0.989369, 0.0490644, 0.996911, 0.0613359, -0.989639, 0.0568199, -0.131859, 4.02163, 6.97887, 14.0849)

[node name="platform25" parent="Level" instance=ExtResource("5_3s40e")]
transform = Transform3D(-0.134937, -0.0542307, 0.989369, 0.0490644, 0.996911, 0.0613359, -0.989639, 0.0568199, -0.131859, 8.38466, 8.89323, 18.1398)

[node name="platform26" parent="Level" instance=ExtResource("5_3s40e")]
transform = Transform3D(-0.134937, -0.0542307, 0.989369, 0.0490644, 0.996911, 0.0613359, -0.989639, 0.0568199, -0.131859, 12.118, 10.4703, 14.7842)

[node name="platform27" parent="Level" instance=ExtResource("5_3s40e")]
transform = Transform3D(-0.134937, -0.0542307, 0.989369, -0.195946, 0.980243, 0.0270059, -0.971287, -0.190219, -0.142897, 8.58852, 12.9385, 14.3997)

[node name="platform28" parent="Level" instance=ExtResource("5_3s40e")]
transform = Transform3D(-0.134937, -0.0542307, 0.989369, 0.0490644, 0.996911, 0.0613359, -0.989639, 0.0568199, -0.131859, 10.761, 14.7023, 10.6623)

[node name="platform29" parent="Level" instance=ExtResource("5_3s40e")]
transform = Transform3D(-0.134937, -0.0542307, 0.989369, 0.0490644, 0.996911, 0.0613359, -0.989639, 0.0568199, -0.131859, 7.58331, 16.5251, 10.6623)

[node name="platform30" parent="Level" instance=ExtResource("5_3s40e")]
transform = Transform3D(-0.134937, -0.0542307, 0.989369, 0.0490644, 0.996911, 0.0613359, -0.989639, 0.0568199, -0.131859, 4.61171, 17.8761, 13.9565)

[node name="platform31" parent="Level" instance=ExtResource("5_3s40e")]
transform = Transform3D(-0.134937, -0.0542307, 0.989369, 0.0490644, 0.996911, 0.0613359, -0.989639, 0.0568199, -0.131859, 8.97473, 19.7905, 18.0115)

[node name="platform32" parent="Level" instance=ExtResource("5_3s40e")]
transform = Transform3D(-0.134937, -0.0542307, 0.989369, 0.0490644, 0.996911, 0.0613359, -0.989639, 0.0568199, -0.131859, 12.7081, 21.3676, 14.6558)

[node name="platform33" parent="Level" instance=ExtResource("5_3s40e")]
transform = Transform3D(-0.134937, -0.0542307, 0.989369, 0.0490644, 0.996911, 0.0613359, -0.989639, 0.0568199, -0.131859, 12.7081, 21.3676, 22.0941)

[node name="platform34" parent="Level" instance=ExtResource("5_3s40e")]
transform = Transform3D(-0.134937, -0.0542307, 0.989369, 0.0490644, 0.996911, 0.0613359, -0.989639, 0.0568199, -0.131859, 21.4546, 21.3676, 22.0941)

[node name="platform35" parent="Level" instance=ExtResource("5_3s40e")]
transform = Transform3D(-0.134937, -0.0542307, 0.989369, 0.0490644, 0.996911, 0.0613359, -0.989639, 0.0568199, -0.131859, 21.4546, 21.3676, 32.6129)

[node name="platform36" parent="Level" instance=ExtResource("5_3s40e")]
transform = Transform3D(-0.134937, -0.0542307, 0.989369, 0.0490644, 0.996911, 0.0613359, -0.989639, 0.0568199, -0.131859, 31.8585, 21.3676, 32.6129)

[node name="platform37" parent="Level" instance=ExtResource("5_3s40e")]
transform = Transform3D(-0.134937, -0.0542307, 0.989369, 0.0490644, 0.996911, 0.0613359, -0.989639, 0.0568199, -0.131859, 31.8585, 21.3676, 44.9465)

[node name="platform38" parent="Level" instance=ExtResource("5_3s40e")]
transform = Transform3D(-0.134937, -0.0542307, 0.989369, 0.0490644, 0.996911, 0.0613359, -0.989639, 0.0568199, -0.131859, 47.745, 21.3676, 44.9465)

[node name="Decoration" type="Node" parent="."]
